0 0.825 0.6033333328125 0.75 0.6166666671875001 0.7525000000000001 0.6366666671875 0.775 0.64 0.8474999999999999 0.6233333328125 0.825 0.6033333328125
0 0.825 0.4966666671875 0.8712500000000001 0.46666666718750005 0.9 0.46333333281250005 0.8125 0.41 0.8 0.43666666718749997 0.78 0.44666666718750003 0.8175000000000001 0.45999999999999996 0.825 0.4966666671875
0 0.3375 0.65 0.32 0.6266666671875 0.27749999999999997 0.61 0.17250000000000001 0.6333333328124999 0.175 0.6466666671875 0.2425 0.67 0.3175 0.67 0.3375 0.65
0 0.96 0.5766666671875 0.975 0.5666666671875 0.9974999999999999 0.5900000000000001 0.9974999999999999 0.5466666671875 0.9800000000000001 0.5233333328125 0.8925000000000001 0.4733333328125 0.875 0.5066666671875 0.8925000000000001 0.52 0.9 0.55 0.96 0.5766666671875
0 0.9974999999999999 0.9400000000000001 0.9974999999999999 0.8466666671875 0.93 0.8099999999999999 0.9225 0.8133333328125 0.9275 0.9066666671875 0.97 0.9366666671875 0.9974999999999999 0.9400000000000001
0 0.135 0.77 0.0925 0.7933333328125001 0.0864130421875 0.7928260859375 0.095 0.8099999999999999 0.24500000000000002 0.8066666671875 0.25 0.7766666671875 0.24 0.75 0.14750000000000002 0.7266666671875 0.135 0.77
0 0.5 0.43 0.36 0.43333333281249997 0.34500000000000003 0.37666666718749997 0.3175 0.37 0.2725 0.43 0.29 0.46666666718750005 0.45999999999999996 0.4566666671875 0.5 0.43
0 0.9525 0.72 0.9974999999999999 0.7066666671874999 0.9974999999999999 0.6833333328125 0.9 0.6733333328125 0.8625 0.71 0.7825 0.7333333328125 0.79 0.77 0.8525 0.77 0.9475 0.7366666671875 0.9525 0.72
0 0 0.9966666671875 0.1375 0.9966666671875 0.1525 0.9533333328125 0.2 0.93 0.1575 0.9133333328125 0.0775 0.9166666671874999 0.0075 0.9433333328125 0 0.95 0 0.9966666671875
0 0.515 0.5266666671875 0.595 0.48666666718749996 0.5625 0.4733333328125 0.5525 0.48333333281249996 0.47750000000000004 0.4733333328125 0.4225 0.48333333281249996 0.40499999999999997 0.5 0.35 0.49000000000000005 0.27749999999999997 0.5 0.255 0.5166666671875 0.2575 0.54 0.34500000000000003 0.5433333328125001 0.45 0.5166666671875 0.515 0.5266666671875
0 0.39 0.9166666671874999 0.445 0.95 0.5900000000000001 0.93 0.6224999999999999 0.9133333328125 0.6675 0.8566666671875 0.6475 0.8166666671874999 0.62 0.8099999999999999 0.5900000000000001 0.7666666671875 0.5325 0.75 0.34500000000000003 0.8133333328125 0.34500000000000003 0.8300000000000001 0.385 0.8866666671875001 0.39 0.9166666671874999