0 0.8542024015624999 0.2666666671875 0.8284734140625 0.2633333328125 0.823327615625 0.27 0.8301886796875 0.2833333328125 0.8576329328125001 0.2866666671875 0.8542024015624999 0.2666666671875
0 0.44253859375 0.24333333281249997 0.4356775296875 0.23333333281250002 0.396226415625 0.23333333281250002 0.3910806171875 0.2366666671875 0.4116638078125 0.24333333281249997 0.42367066875 0.2633333328125 0.44253859375 0.24333333281249997
0 0.7770154375 0.24 0.7667238421875 0.23333333281250002 0.7221269296874999 0.23333333281250002 0.7186963984375 0.25 0.72898799375 0.2666666671875 0.778730703125 0.25666666718750003 0.7770154375 0.24
0 0.5094339625 0.4966666671875 0.4974271015625 0.4766666671875 0.444253859375 0.48666666718749996 0.440823328125 0.4966666671875 0.46826758125 0.5133333328125 0.49914236718750005 0.51 0.5094339625 0.4966666671875
0 0.39965694687500003 0.44333333281250004 0.39451115 0.4266666671875 0.375643225 0.4266666671875 0.336192109375 0.4566666671875 0.3447684390625 0.4733333328125 0.35849056562500003 0.4733333328125 0.39451115 0.4566666671875 0.39965694687500003 0.44333333281250004
0 0.6106346484375 0.5266666671875 0.600343053125 0.5 0.5488850765625 0.4966666671875 0.5488850765625 0.5266666671875 0.5626072046874999 0.54 0.600343053125 0.54 0.6106346484375 0.5266666671875
0 0.7495711828125 0.42000000000000004 0.7495711828125 0.4066666671875 0.730703259375 0.37666666718749997 0.689536878125 0.37333333281250003 0.689536878125 0.3966666671875 0.7049742703125 0.4166666671875 0.7255574609375001 0.4266666671875 0.7495711828125 0.42000000000000004
0 0.552315609375 0.2033333328125 0.5437392796875 0.19 0.514579759375 0.1866666671875 0.46140651874999994 0.1966666671875 0.46140651874999994 0.2133333328125 0.48370497500000004 0.2233333328125 0.53173241875 0.22000000000000003 0.552315609375 0.2033333328125
0 0.30188679218750003 0.2066666671875 0.2933104625 0.1933333328125 0.25557461406250004 0.1933333328125 0.2384219546875 0.2066666671875 0.2384219546875 0.22999999999999998 0.2504288171875 0.24333333281249997 0.29502572968749996 0.23333333281250002 0.30188679218750003 0.2066666671875
0 0.619210978125 0.4033333328125 0.6209262437499999 0.39 0.6072041171875 0.36 0.5643224703125 0.36 0.5574614062500001 0.37666666718749997 0.5608919375 0.4033333328125 0.57632933125 0.41333333281250006 0.6072041171875 0.41 0.619210978125 0.4033333328125
0 0.2795883359375 0.37666666718749997 0.26758147499999996 0.3633333328125 0.23499142343749999 0.3633333328125 0.19039451093749998 0.39 0.19039451093749998 0.41333333281250006 0.22298456249999998 0.4266666671875 0.262435678125 0.4033333328125 0.2795883359375 0.37666666718749997
0 0.3464837046875 0.3533333328125 0.3722126921875 0.3366666671875 0.37907375625 0.29 0.375643225 0.27 0.3430531734375 0.2666666671875 0.3207547171875 0.27999999999999997 0.313893653125 0.29333333281249996 0.3276157796875 0.3233333328125 0.32933104687500003 0.35 0.3464837046875 0.3533333328125
0 0.396226415625 0.5433333328125001 0.396226415625 0.51 0.31560891875 0.52 0.3053173234375 0.5566666671875 0.3207547171875 0.5833333328125 0.35334476875 0.5833333328125 0.396226415625 0.5433333328125001
0 0.24185248750000002 0.2533333328125 0.195540309375 0.2533333328125 0.150943396875 0.2866666671875 0.13036020625 0.2833333328125 0.116638078125 0.30333333281249997 0.12006861093750001 0.3266666671875 0.15608919375000002 0.3266666671875 0.2384219546875 0.2833333328125 0.24185248750000002 0.2533333328125
0 0.559176671875 0.8733333328124999 0.559176671875 0.8433333328125 0.5437392796875 0.8066666671875 0.50600343125 0.79 0.4751286453125 0.7966666671875 0.46998284687499997 0.8699999999999999 0.49228130312499996 0.9 0.5265866203125 0.9033333328125 0.559176671875 0.8733333328124999
0 0.5471698109375 0.6833333328125 0.5454545453125 0.6599999999999999 0.4974271015625 0.6466666671875 0.4579759859375 0.62 0.42538593437500005 0.6233333328125 0.40823327656249997 0.6533333328125 0.40823327656249997 0.72 0.43053173281249996 0.7466666671875 0.48370497500000004 0.74 0.5471698109375 0.6833333328125
0 0.9313893656250001 0.1666666671875 0.9416809609374999 0.15 0.9451114921875 0.11000000000000001 0.9262435671875 0.0933333328125 0.845626071875 0.0866666671875 0.826758146875 0.0966666671875 0.823327615625 0.14666666718750002 0.778730703125 0.16 0.775300171875 0.16999999999999998 0.8096054890625 0.2 0.8799313890624999 0.1933333328125 0.9313893656250001 0.1666666671875