0 0.6022514078125 0.5133333328125 0.606003753125 0.5466666671875 0.64165103125 0.5433333328125001 0.62288930625 0.5166666671875 0.6022514078125 0.5133333328125
0 0.3302063796875 0.4533333328125 0.384615384375 0.45 0.390243903125 0.43 0.3639774859375 0.4233333328125 0.3302063796875 0.4533333328125
0 0.6904315203125 0.3 0.6341463421875 0.3 0.62288930625 0.3066666671875 0.67166979375 0.3266666671875 0.7148217640625 0.3166666671875 0.6904315203125 0.3
0 0.47654784218749996 0.4233333328125 0.40712945625 0.5 0.4015009375 0.5133333328125 0.4183864921875 0.5166666671875 0.497185740625 0.4166666671875 0.47654784218749996 0.4233333328125
0 0.6266416515625 0.4033333328125 0.6848030015625 0.3866666671875 0.6529080671874999 0.37666666718749997 0.6360225140625 0.3566666671875 0.5947467171875 0.3566666671875 0.5947467171875 0.36666666718749996 0.62288930625 0.38333333281250004 0.6266416515625 0.4033333328125
0 0.10881801093750001 0.43666666718749997 0.09756097500000001 0.43 0.001876171875 0.46666666718750005 0 0.49000000000000005 0.0281425890625 0.48666666718749996 0.0919324578125 0.46333333281250005 0.10881801093750001 0.43666666718749997
0 0.5365853656249999 0.5900000000000001 0.529080675 0.5633333328125001 0.497185740625 0.5333333328125 0.4521575984375 0.5566666671875 0.4521575984375 0.5866666671874999 0.46716697968750004 0.5966666671875 0.5084427765624999 0.6033333328125 0.5365853656249999 0.5900000000000001
0 0.7542213890625 0.4733333328125 0.7786116328125 0.46666666718750005 0.79924953125 0.4166666671875 0.71106941875 0.43333333281249997 0.712945590625 0.48666666718749996 0.7317073171875 0.5 0.7485928703125 0.4966666671875 0.7542213890625 0.4733333328125
0 0.7936210125 0.5766666671875 0.7973733578125 0.5433333328125001 0.8067542218750001 0.5433333328125001 0.80863039375 0.53 0.7954971859375 0.5033333328125 0.75984990625 0.5033333328125 0.7467166984375 0.5066666671875 0.7335834890624999 0.54 0.6960600375 0.55 0.6923076921875 0.5666666671875 0.703564728125 0.58 0.7636022515625001 0.5933333328125 0.7936210125 0.5766666671875
0 0.7542213890625 0.7033333328125 0.7729831140625001 0.6866666671874999 0.7617260781249999 0.6566666671875 0.7166979359375001 0.6233333328125 0.585365853125 0.64 0.5797373359375 0.6566666671875 0.606003753125 0.6833333328125 0.6566604125 0.6966666671875 0.7542213890625 0.7033333328125
0 0.4615384609375 0.6933333328125 0.4746716703125 0.67 0.4690431515625 0.6566666671875 0.472795496875 0.6366666671875 0.4446529078125 0.61 0.37898686718749997 0.61 0.3320825515625 0.6566666671875 0.32457786093749996 0.67 0.32833020625 0.6833333328125 0.37711069375 0.7133333328125 0.4615384609375 0.6933333328125
0 0.7729831140625001 0.9066666671875 0.7560975609375 0.89 0.7467166984375 0.8433333328125 0.7166979359375001 0.7833333328125 0.6810506562499999 0.77 0.6285178234375 0.8433333328125 0.6210131328124999 0.8966666671875 0.64727955 0.9366666671875 0.7392120078125 0.93 0.7729831140625001 0.9066666671875